GSACE.seq	A	C	T	G	GC%	size
SACE0A	69826	44646	69971	45765	39.27	230208
SACE0B	249653	157410	251718	154397	38.34	813178
SACE0C	98657	62359	95962	59639	38.53	316617
SACE0D	476749	289343	474471	291356	37.90	1531919
SACE0E	176531	109828	178197	112313	38.50	576869
SACE0F	82928	52201	82584	52435	38.73	270148
SACE0G	338319	207776	337401	207451	38.06	1090947
SACE0H	174022	109098	172035	107488	38.49	562643
SACE0I	134340	85461	134423	85661	38.90	439885
SACE0J	231168	142294	228406	143873	38.37	745741
SACE0K	206053	127717	206673	126011	38.07	666454
SACE0L	330586	207777	332746	207066	38.47	1078175
SACE0M	286296	176734	284966	176433	38.20	924429
SACE0N	241562	151655	239728	151389	38.63	784334
SACE0O	339396	209023	335450	207420	38.16	1091289
SACE0P	293948	180364	293243	180507	38.06	948062
